# wavelength Total_Reflection Total_Transmission Absorption 
0.3 0.4507696148 0 0.5492303852 
0.35 0.4948784233 0 0.5051215767 
0.4 0.5287185342 2.278722275e-024 0.4712814658 
0.45 0.533708925 1.89592471e-015 0.466291075 
0.5 0.5004504293 1.155227121e-011 0.4995495707 
0.55 0.4751610934 1.829302115e-009 0.5248389048 
0.6 0.4703504841 2.297126044e-008 0.5296494929 
0.65 0.4772778784 6.103521593e-008 0.5227220605 
0.7 0.5152556854 1.356799945e-007 0.4847441789 
0.75 0.578042672 1.51373387e-007 0.4219571766 
0.8 0.6432292493 1.272588197e-007 0.3567706234 
0.85 0.7052682897 9.002046543e-008 0.2947316203 
0.9 0.7494165259 6.12262184e-008 0.2505834128 
0.95 0.7266760357 7.339938736e-008 0.2733238909 
1 0.8025270626 1.598843581e-008 0.1974729214 
1.05 0.8172506951 2.07014584e-008 0.1827492842 
1.1 0.8261933103 2.168002073e-008 0.173806668 
1.15 0.8383942917 1.985285865e-008 0.1616056884 
1.2 0.8575173561 1.462979782e-008 0.1424826293 
1.25 0.8793731797 7.528667031e-009 0.1206268127 
1.3 0.7920459639 1.299370318e-008 0.2079540231 
1.35 0.8274260946 1.989295644e-008 0.1725738855 
1.4 0.8816979025 9.675643477e-009 0.1183020879 
1.45 0.9009872084 5.640270062e-009 0.099012786 
1.5 0.9105654153 3.745829008e-009 0.08943458097 
1.55 0.9163379163 2.752516576e-009 0.08366208097 
1.6 0.9200763733 2.158910812e-009 0.07992362456 
1.65 0.9225268429 1.735026993e-009 0.07747315541 
1.7 0.9240175375 1.486757922e-009 0.07598246101 
1.75 0.9246939465 1.313574867e-009 0.07530605219 
1.8 0.9245806655 1.188805557e-009 0.07541933327 
1.85 0.9232293777 1.094965143e-009 0.07677062119 
1.9 0.701382421 5.168378367e-009 0.2986175739 
1.95 0.9292852972 4.064217435e-010 0.07071470242 
2 0.9262129911 5.206494767e-010 0.07378700836 
2.05 0.9229981098 5.80540109e-010 0.07700188959 
2.1 0.9200432533 6.315710732e-010 0.07995674603 
2.15 0.9181112852 6.795956194e-010 0.08188871413 
2.2 0.9178213915 6.685777193e-010 0.08217860785 
2.25 0.9190717004 7.200716517e-010 0.08092829886 
2.3 0.9211151153 7.699507178e-010 0.07888488395 
2.35 0.9232219327 8.19655073e-010 0.07677806646 
2.4 0.9249383491 8.727123607e-010 0.07506165007 
2.45 0.9261338711 9.320199473e-010 0.07386612799 
2.5 0.9268015698 9.999745962e-010 0.07319842924 
2.55 0.9270024262 1.076961603e-009 0.07299757269 
2.6 0.9268020689 1.130020258e-009 0.07319792992 
2.65 0.9262419231 1.037530014e-009 0.07375807584 
2.7 0.9253265224 1.119304725e-009 0.07467347644 
2.75 0.9241549522 1.211473616e-009 0.07584504662 
2.8 0.9226800501 1.315451859e-009 0.07731994855 
2.85 0.9209628701 1.430353488e-009 0.07903712845 
2.9 0.9190887809 1.555164636e-009 0.08091121756 
2.95 0.9169952273 1.69116042e-009 0.08300477097 
3 0.9148085564 1.836953326e-009 0.08519144173 
3.05 0.9125316143 1.992059601e-009 0.0874683837 
3.1 0.9102726281 2.157269086e-009 0.08972736977 
3.15 0.9081774205 2.330113907e-009 0.09182257717 
3.2 0.906294331 2.500755769e-009 0.09370566654 
3.25 0.9048425257 2.512047848e-009 0.09515747177 
3.3 0.9039498419 1.883603769e-009 0.09605015626 
3.35 0.9036786556 1.901997532e-009 0.09632134247 
3.4 0.9042035937 1.884034734e-009 0.09579640439 
3.45 0.9057823569 1.827722668e-009 0.09421764131 
3.5 0.9080546051 1.728256233e-009 0.09194539315 
3.55 0.9112005234 1.584814738e-009 0.08879947504 
3.6 0.9153177589 1.398077626e-009 0.08468223968 
3.65 0.920130223 1.164617874e-009 0.0798697758 
3.7 0.9255639464 8.790186218e-010 0.07443605275 
3.75 0.9313999116 5.268802616e-010 0.06860008783 
3.8 0.9335096478 2.643559612e-011 0.06649035213 
3.85 0.9259110689 3.58825844e-010 0.07408893072 
3.9 0.9123026729 9.31890537e-010 0.08769732621 
3.95 0.8945500851 1.690058982e-009 0.1054499132 
4 0.8716349006 2.701356333e-009 0.1283650967 
4.05 0.8418433666 4.072527648e-009 0.1581566293 
4.1 0.8025659323 5.959089888e-009 0.1974340618 
4.15 0.7501065731 8.608968982e-009 0.2498934183 
4.2 0.6810473204 1.232732305e-008 0.3189526673 
4.25 0.5905861855 1.762202462e-008 0.4094137969 
4.3 0.4763388336 2.48337122e-008 0.5236611416 
4.35 0.3406876922 1.697636809e-008 0.6593122909 
4.4 0.1994019747 2.137784227e-008 0.8005980039 
4.45 0.08275832236 2.520707645e-008 0.9172416524 
4.5 0.02231900953 2.760972615e-008 0.9776809629 
4.55 0.03050367534 2.795921719e-008 0.9694962967 
4.6 0.09206424654 2.667765565e-008 0.9079357268 
4.65 0.1817990839 2.457137694e-008 0.8182008915 
4.7 0.2766954899 2.209346395e-008 0.723304488 
4.75 0.3641540408 1.979911568e-008 0.6358459394 
4.8 0.4390246868 1.777409175e-008 0.5609752954 
4.85 0.5035438538 1.608032463e-008 0.4964561302 
4.9 0.554912746 1.470029343e-008 0.4450872393 
4.95 0.5985714793 1.353925594e-008 0.4014285071 
5 0.6356496215 1.259217131e-008 0.3643503659 
5.05 0.6653998494 1.178460662e-008 0.3346001388 
5.1 0.6921620965 1.114638493e-008 0.3078378924 
5.15 0.7141026258 1.059230748e-008 0.2858973636 
5.2 0.7331522703 1.012542172e-008 0.2668477196 
5.25 0.7489115 9.687587066e-009 0.2510884903 
5.3 0.7628436685 9.342185359e-009 0.2371563222 
5.35 0.7759552598 9.042030458e-009 0.2240447312 
5.4 0.7860725522 8.78281281e-009 0.213927439 
5.45 0.7961438298 8.566882093e-009 0.2038561616 
5.5 0.804515779 8.366053739e-009 0.1954842126 
5.55 0.812713027 8.209848579e-009 0.1872869648 
5.6 0.8192435503 8.072387758e-009 0.1807564416 
5.65 0.8256553411 7.9505037e-009 0.1743446509 
5.7 0.8313844204 7.865023965e-009 0.1686155717 
5.75 0.8362594843 7.781588818e-009 0.1637405079 
5.8 0.8409274817 7.72690445e-009 0.1590725106 
5.85 0.8454216719 7.68006414e-009 0.1545783205 
5.9 0.8492381573 7.644496813e-009 0.1507618351 
5.95 0.8529330492 7.636980048e-009 0.1470669432 
6 0.8567504287 7.635273747e-009 0.1432495637 
6.05 0.8597840071 7.64826702e-009 0.1402159853 
6.1 0.863361299 7.695720061e-009 0.1366386933 
6.15 0.8663447499 7.76504594e-009 0.1336552423 
6.2 0.8692375422 7.869272234e-009 0.13076245 
6.25 0.8724476695 8.027258303e-009 0.1275523225 
6.3 0.8753889799 8.259072648e-009 0.1246110118 
6.35 0.8778871894 8.585112177e-009 0.122112802 
6.4 0.880602777 9.056113415e-009 0.1193972139 
6.45 0.8831123114 9.732345818e-009 0.1168876789 
6.5 0.8857454658 8.639510773e-009 0.1142545256 
6.55 0.888166368 2.96688546e-009 0.111833629 
6.6 0.890709579 2.95841715e-009 0.1092904181 
6.65 0.8928189278 2.954864117e-009 0.1071810693 
6.7 0.8950510621 2.958246527e-009 0.1049489349 
6.75 0.8969759941 2.96318877e-009 0.1030240029 
6.8 0.8990045786 2.97562234e-009 0.1009954184 
6.85 0.9010376334 2.99471753e-009 0.09896236359 
6.9 0.9027026892 3.015778216e-009 0.09729730781 
6.95 0.9042699933 3.040677809e-009 0.09573000365 
7 0.9060558677 3.070008709e-009 0.09394412926 
7.05 0.9076284766 3.10516444e-009 0.09237152028 
7.1 0.9089682102 3.140297335e-009 0.09103178664 
7.15 0.9103105664 3.178510078e-009 0.0896894304 
7.2 0.9116949439 3.22271399e-009 0.08830505287 
7.25 0.912668407 3.267494345e-009 0.08733158977 
7.3 0.9137464166 3.315675547e-009 0.08625358012 
7.35 0.9148994684 3.370061128e-009 0.08510052821 
7.4 0.9160025716 3.426777073e-009 0.08399742499 
7.45 0.9169051051 3.486948477e-009 0.0830948914 
7.5 0.9178596139 3.551238258e-009 0.08214038255 
7.55 0.9185056686 3.622945997e-009 0.08149432774 
7.6 0.9194671512 3.697085794e-009 0.08053284514 
7.65 0.9199604988 3.77582358e-009 0.08003949741 
7.7 0.9207140207 3.864032681e-009 0.07928597541 
7.75 0.9212204218 3.955153008e-009 0.07877957425 
7.8 0.9218794107 4.054843702e-009 0.0781205852 
7.85 0.9225135446 4.161568438e-009 0.07748645128 
7.9 0.9229364395 4.278472255e-009 0.07706355621 
7.95 0.9235554934 4.402830776e-009 0.07644450224 
8 0.9237505794 4.5335753e-009 0.07624941611 
8.05 0.9243807197 4.676116723e-009 0.07561927566 
8.1 0.924537003 4.827963813e-009 0.07546299213 
8.15 0.9250818491 4.989290987e-009 0.07491814591 
8.2 0.9255887866 5.162012046e-009 0.07441120824 
8.25 0.9258328676 5.345555782e-009 0.07416712703 
8.3 0.9262385964 5.538108533e-009 0.07376139802 
8.35 0.9265456796 5.738615699e-009 0.07345431469 
8.4 0.9269677997 5.95018535e-009 0.07303219439 
8.45 0.9273736477 6.17189167e-009 0.07262634614 
8.5 0.9278214574 6.402286152e-009 0.07217853621 
8.55 0.9281829596 6.638768652e-009 0.0718170338 
8.6 0.9286473393 6.881435206e-009 0.07135265377 
8.65 0.9291306734 7.132960451e-009 0.07086931946 
8.7 0.9295499325 7.38941553e-009 0.07045006013 
8.75 0.9300715923 7.646171258e-009 0.06992840002 
8.8 0.9304410219 7.909991557e-009 0.06955897017 
8.85 0.9308562875 8.172540873e-009 0.06914370435 
8.9 0.9313189387 8.441291228e-009 0.06868105283 
8.95 0.9319761992 8.710622009e-009 0.06802379214 
9 0.9324587584 8.982926632e-009 0.06754123266 
9.05 0.9329821467 9.256489358e-009 0.067017844 
9.1 0.9332647324 9.52787849e-009 0.06673525811 
9.15 0.9337690473 9.803549975e-009 0.06623094294 
9.2 0.9343033433 1.007631667e-008 0.06569664663 
9.25 0.934694171 1.034881559e-008 0.0653058187 
9.3 0.9351540208 1.062637112e-008 0.06484596859 
9.35 0.9355623126 1.090378077e-008 0.06443767649 
9.4 0.9360429645 1.118023052e-008 0.06395702436 
9.45 0.9363223314 1.145766748e-008 0.06367765711 
9.5 0.9367060661 1.174202757e-008 0.06329392213 
9.55 0.9374988079 1.202681466e-008 0.06250118007 
9.6 0.9377076626 1.231599467e-008 0.0622923251 
9.65 0.9378521442 1.26018398e-008 0.06214784316 
9.7 0.9382382631 1.289847385e-008 0.06176172397 
9.75 0.9387298822 1.319834686e-008 0.06127010456 
9.8 0.9389925003 1.349609513e-008 0.0610074862 
9.85 0.9391385317 1.380251691e-008 0.06086145451 
9.9 0.9394725561 1.411258088e-008 0.06052742977 
9.95 0.9397565126 1.442781272e-008 0.06024347293 
10 0.9401177168 1.475256717e-008 0.05988226846 
