# wavelength Total_Reflection Total_Transmission Absorption 
3.25 0.97766532 7.089931431e-08 0.02233460906 
3.255 0.9776921757 7.064029695e-08 0.0223077537 
3.26 0.9777241684 7.038548615e-08 0.02227576116 
3.265 0.9777586237 7.00293366e-08 0.02224130631 
3.27 0.9777728654 6.951945535e-08 0.02222706504 
3.275 0.9777944423 6.901891653e-08 0.02220548866 
3.28 0.977803275 6.852643279e-08 0.02219665648 
3.285 0.977813594 6.804210477e-08 0.02218633791 
3.29 0.9778390005 6.756789999e-08 0.02216093191 
3.295 0.9778651707 6.710160439e-08 0.02213476221 
3.3 0.977870632 6.664233812e-08 0.02212930139 
3.305 0.977886226 6.619062526e-08 0.02211370778 
3.31 0.977903001 6.574755444e-08 0.02209693324 
3.315 0.9779268615 6.531274111e-08 0.02207307319 
3.32 0.9779367149 6.488375048e-08 0.02206322023 
3.325 0.9779544584 6.446363444e-08 0.02204547709 
3.33 0.9779655375 6.404934021e-08 0.02203439849 
3.335 0.9779890217 6.364360145e-08 0.02201091467 
3.34 0.978001181 6.324396923e-08 0.02199875572 
3.345 0.9780148454 6.285076665e-08 0.02198509175 
3.35 0.9780350365 6.246525676e-08 0.02196490106 
3.355 0.9780389443 6.208471806e-08 0.02196099361 
3.36 0.9780583791 6.171170249e-08 0.02194155914 
3.365 0.9780704454 6.134556314e-08 0.0219294933 
3.37 0.9780692942 6.098405037e-08 0.02193064477 
3.375 0.9780891314 6.062948352e-08 0.02191080796 
3.38 0.9780957066 6.028118669e-08 0.02190423317 
3.385 0.9780989029 5.99383753e-08 0.02190103721 
3.39 0.9781259224 5.960262567e-08 0.02187401802 
3.395 0.9781226106 5.927040891e-08 0.02187733013 
3.4 0.9781538136 5.894633519e-08 0.02184612742 
3.405 0.9781490341 5.862585508e-08 0.02185090729 
3.41 0.9781676158 5.83120345e-08 0.02183232586 
3.415 0.9781721197 5.800322155e-08 0.02182782229 
3.42 0.9781941585 5.769993548e-08 0.02180578378 
3.425 0.9781904221 5.740135083e-08 0.02180952054 
3.43 0.9782009125 5.71076758e-08 0.02179903042 
3.435 0.9782169499 5.68195613e-08 0.02178299333 
3.44 0.9782355241 5.653661086e-08 0.02176441932 
3.445 0.97822785 5.625801364e-08 0.02177209369 
3.45 0.9782388322 5.598468364e-08 0.02176111181 
3.455 0.9782539532 5.571603941e-08 0.02174599113 
3.46 0.9782508612 5.545156726e-08 0.02174908338 
3.465 0.9782702513 5.519289478e-08 0.0217296935 
3.47 0.9782724306 5.493719758e-08 0.02172751446 
3.475 0.9782719463 5.468715976e-08 0.021727999 
3.48 0.978275869 5.444070588e-08 0.02172407652 
3.485 0.978290163 5.419965508e-08 0.02170978282 
3.49 0.9782945029 5.396224648e-08 0.02170544309 
3.495 0.9783066697 5.372975218e-08 0.02169327653 
3.5 0.9783087708 5.350034236e-08 0.02169117569 
3.505 0.9783133715 5.327589343e-08 0.02168657518 
3.51 0.9783220477 5.305520751e-08 0.0216778992 
3.515 0.9783281572 5.283809171e-08 0.02167178995 
3.52 0.9783347584 5.26255548e-08 0.02166518894 
3.525 0.9783445932 5.241609085e-08 0.02165535439 
3.53 0.978348203 5.22097976e-08 0.02165174479 
3.535 0.9783485569 5.200839063e-08 0.02165139109 
3.54 0.9783496261 5.181002488e-08 0.02165032213 
3.545 0.9783461802 5.161424509e-08 0.02165376821 
3.55 0.9783599339 5.142183312e-08 0.02164001464 
3.555 0.9783519171 5.123135486e-08 0.02164803165 
3.56 0.9783475734 5.104445278e-08 0.02165237553 
3.565 0.978349831 5.085921946e-08 0.02165011819 
3.57 0.9783637449 5.06765592e-08 0.02163620441 
3.575 0.9783676118 5.049530866e-08 0.02163233774 
3.58 0.9783676937 5.031409011e-08 0.02163225596 
3.585 0.9783562422 5.013253729e-08 0.02164370769 
3.59 0.9783523418 4.994945457e-08 0.02164760825 
3.595 0.978368178 4.97647504e-08 0.02163177223 
3.6 0.9783470631 4.957391449e-08 0.02165288736 
3.605 0.9783591144 4.937783887e-08 0.02164083624 
3.61 0.9783658311 4.916953805e-08 0.02163411975 
3.615 0.9783452563 4.894359074e-08 0.02165469476 
3.62 0.9783585295 4.869329685e-08 0.0216414218 
3.625 0.9783560671 4.840302895e-08 0.02164388451 
3.63 0.9783580191 4.805020707e-08 0.02164193281 
3.635 0.9783472046 4.758793081e-08 0.02165274779 
3.64 0.9783621617 4.690606877e-08 0.02163779143 
3.645 0.9783485122 4.545511211e-08 0.02165144234 
3.65 0.9783378839 4.430382592e-08 0.02166207175 
3.655 0.9783345088 4.402504717e-08 0.02166544714 
3.66 0.9783108495 4.374957587e-08 0.02168910673 
3.665 0.9783026278 4.347874316e-08 0.02169732872 
3.67 0.9782826677 4.321132388e-08 0.02171728909 
3.675 0.9782540314 4.294792021e-08 0.02174592566 
3.68 0.9782419316 4.268898514e-08 0.02175802566 
3.685 0.9782316685 4.243361779e-08 0.02176828909 
3.69 0.9782008491 4.218141594e-08 0.02179910867 
3.695 0.9781920053 4.193336978e-08 0.02180795276 
3.7 0.9781910479 4.168940563e-08 0.0218089104 
3.705 0.9781582765 4.144823126e-08 0.02184168202 
3.71 0.9781451784 4.12109326e-08 0.02185478038 
3.715 0.9781221114 4.097685246e-08 0.02187784761 
3.72 0.9781126976 4.074701379e-08 0.02188726165 
3.725 0.9781007878 4.052011642e-08 0.02189917163 
3.73 0.9780674204 4.029607364e-08 0.02193253928 
3.735 0.9780663699 4.007590342e-08 0.02193359003 
3.74 0.9780461118 3.985841886e-08 0.02195384838 
3.745 0.9780386463 3.964449467e-08 0.02196131407 
3.75 0.9780165069 3.943327506e-08 0.02198345369 
3.755 0.9779828526 3.922472131e-08 0.02201710817 
3.76 0.9779727124 3.901994983e-08 0.02202724861 
3.765 0.9779454805 3.881705448e-08 0.02205448069 
3.77 0.977939494 3.861825153e-08 0.02206046743 
3.775 0.977907639 3.842133579e-08 0.02209232258 
3.78 0.9778854474 3.822758999e-08 0.02211451433 
3.785 0.9778720662 3.803674947e-08 0.02212789576 
3.79 0.977849219 3.784832513e-08 0.02215074316 
3.795 0.9778218903 3.766271663e-08 0.02217807207 
3.8 0.9777994193 3.747953823e-08 0.02220054321 
3.805 0.9777877405 3.729975927e-08 0.02221222217 
3.81 0.9777505063 3.712136522e-08 0.02224945663 
3.815 0.9777368456 3.694650973e-08 0.02226311744 
3.82 0.9777117819 3.677353917e-08 0.02228818137 
3.825 0.9776902795 3.660347205e-08 0.02230968391 
3.83 0.9776820466 3.643596951e-08 0.02231791697 
3.835 0.9776349887 3.627019018e-08 0.022364975 
3.84 0.9776157774 3.610683824e-08 0.02238418649 
3.845 0.9775944576 3.594577402e-08 0.02240550649 
3.85 0.9775776528 3.578800736e-08 0.02242231143 
3.855 0.9775526859 3.563163124e-08 0.02244727848 
3.86 0.9775332324 3.547790602e-08 0.0224667321 
3.865 0.977493424 3.532573301e-08 0.02250654071 
3.87 0.9774682634 3.517632611e-08 0.02253170147 
3.875 0.9774364531 3.502897055e-08 0.02256351187 
3.88 0.9774047397 3.488341669e-08 0.02259522541 
3.885 0.9773955829 3.474112201e-08 0.02260438231 
3.89 0.9773805961 3.4600505e-08 0.0226193693 
3.895 0.9773424119 3.446196289e-08 0.02265755366 
3.9 0.9773051478 3.432509608e-08 0.02269481788 
3.905 0.9773082584 3.419126645e-08 0.02269170739 
3.91 0.977246929 3.405736897e-08 0.02275303698 
3.915 0.9772308879 3.392701547e-08 0.02276907821 
3.92 0.9771951549 3.379844411e-08 0.02280481133 
3.925 0.9771556631 3.367194955e-08 0.02284430325 
3.93 0.9771404043 3.35476403e-08 0.02285956217 
3.935 0.9771051779 3.342539713e-08 0.02289478864 
3.94 0.9770864882 3.330465763e-08 0.02291347854 
3.945 0.9770355634 3.318537049e-08 0.02296440338 
3.95 0.977006685 3.306919741e-08 0.02299328194 
3.955 0.9769754373 3.295442555e-08 0.02302452979 
3.96 0.976941321 3.284166973e-08 0.02305864611 
3.965 0.9768809378 3.272972017e-08 0.02311902946 
3.97 0.9768404961 3.262043538e-08 0.02315947132 
3.975 0.9768127352 3.251412192e-08 0.02318723229 
3.98 0.976772029 3.240882271e-08 0.02322793864 
3.985 0.9767197743 3.230630738e-08 0.02328019339 
3.99 0.9766685963 3.220448139e-08 0.02333137153 
3.995 0.9766376279 3.210529535e-08 0.02336233997 
4 0.9765972458 3.200841453e-08 0.02340272221 
4.005 0.9765533507 3.191327481e-08 0.0234466174 
4.01 0.9765121303 3.182097562e-08 0.02348783783 
4.015 0.9764498286 3.172948505e-08 0.02355013968 
4.02 0.9763937145 3.16400397e-08 0.02360625381 
4.025 0.9763106853 3.155248193e-08 0.02368928317 
4.03 0.9762866274 3.146824022e-08 0.02371334118 
4.035 0.9762199149 3.138553584e-08 0.02378005376 
4.04 0.9761656821 3.130516631e-08 0.02383428662 
4.045 0.9760884084 3.122670984e-08 0.02391156039 
4.05 0.9760082401 3.115010791e-08 0.02399172872 
4.055 0.9759457856 3.107689341e-08 0.02405418328 
4.06 0.9758841321 3.100659619e-08 0.02411583691 
4.065 0.9758011028 3.093801623e-08 0.02419886624 
4.07 0.9756948054 3.087135141e-08 0.02430516374 
4.075 0.9756153896 3.080920914e-08 0.02438457955 
4.08 0.9755356535 3.074918875e-08 0.02446431572 
4.085 0.9754326679 3.069119901e-08 0.02456730143 
4.09 0.9753287174 3.063731739e-08 0.02467125198 
4.095 0.9752205238 3.058772576e-08 0.02477944564 
4.1 0.9751362465 3.054117814e-08 0.02486372293 
4.105 0.9749833271 3.049701086e-08 0.02501664241 
4.11 0.9748769477 3.045936961e-08 0.02512302184 
4.115 0.9747243561 3.042529478e-08 0.02527561349 
4.12 0.9745698199 3.039519209e-08 0.02543014974 
4.125 0.9744303003 3.037083747e-08 0.02556966933 
4.13 0.9742626995 3.035258504e-08 0.02573727016 
4.135 0.9740765505 3.031289689e-08 0.02592341923 
4.14 0.9738698751 3.023863661e-08 0.02613009469 
4.145 0.9736773185 3.017370723e-08 0.02632265128 
4.15 0.9734404236 3.011723369e-08 0.02655954627 
4.155 0.9731913507 3.007184504e-08 0.02680861923 
4.16 0.9729271084 3.003792781e-08 0.02707286156 
4.165 0.9725920781 3.001825705e-08 0.02740789183 
4.17 0.9722311944 3.001616398e-08 0.02776877561 
4.175 0.9718272537 3.003235857e-08 0.02817271627 
4.18 0.9714423418 3.007214736e-08 0.02855762812 
4.185 0.9709128514 3.01379041e-08 0.02908711847 
4.19 0.9703321829 3.023807699e-08 0.02966778682 
4.195 0.9696475789 3.037950363e-08 0.03035239073 
4.2 0.9688462988 3.057729121e-08 0.03115367067 
4.205 0.9678807557 3.084571917e-08 0.03211921349 
4.21 0.966697745 3.12099406e-08 0.03330222376 
4.215 0.9652121589 3.171034088e-08 0.03478780943 
4.22 0.9632977918 3.240719058e-08 0.03670217581 
4.225 0.9607116729 3.340951142e-08 0.03928829369 
4.23 0.9569064677 3.492402098e-08 0.0430934974 
4.235 0.9509937167 3.741766307e-08 0.04900624587 
4.24 0.9400280267 4.214261427e-08 0.05997193116 
4.245 0.912516892 5.442154846e-08 0.08748305362 
4.25 0.01480103657 5.313370289e-07 0.9851984321 
4.255 0.8563017249 1.575877205e-07 0.1436981175 
4.26 0.9183625579 1.072345236e-07 0.08163733488 
4.265 0.9393532276 8.724486533e-08 0.06064668514 
4.27 0.9496557713 7.616359241e-08 0.05034415258 
4.275 0.9557990432 6.897698121e-08 0.04420088784 
4.28 0.9597865343 6.391626893e-08 0.04021340177 
4.285 0.96262151 6.00978077e-08 0.03737842987 
4.29 0.9646596909 5.708777804e-08 0.03534025206 
4.295 0.9662704468 5.464103052e-08 0.03372949858 
4.3 0.9675082564 5.259984252e-08 0.03249169096 
4.305 0.9684638977 5.086552025e-08 0.03153605143 
4.31 0.9693243504 4.936363178e-08 0.03067560028 
4.315 0.9699908495 4.805113862e-08 0.03000910245 
4.32 0.9705272913 4.688388944e-08 0.02947266182 
4.325 0.970992744 4.584584591e-08 0.02900721019 
4.33 0.9714000821 4.490515604e-08 0.02859987298 
4.335 0.9718042612 4.405660693e-08 0.02819569474 
4.34 0.9720554948 4.327340818e-08 0.02794446194 
4.345 0.9723510742 4.255845165e-08 0.02764888322 
4.35 0.9725564718 4.189662677e-08 0.02744348628 
4.355 0.9727795124 4.128137175e-08 0.02722044631 
4.36 0.9729183316 4.070960391e-08 0.02708162767 
4.365 0.9730668068 4.017488897e-08 0.02693315303 
4.37 0.9731966257 3.967348386e-08 0.02680333462 
4.375 0.9733099341 3.920215566e-08 0.02669002666 
4.38 0.9734765887 3.875868901e-08 0.02652337252 
4.385 0.9735072851 3.833679749e-08 0.02649267655 
4.39 0.9735918045 3.793810188e-08 0.02640815756 
4.395 0.9736279249 3.75597756e-08 0.02637203752 
4.4 0.9736308455 3.719675987e-08 0.02636911726 
4.405 0.9737157822 3.685554587e-08 0.02628418098 
4.41 0.9738006592 3.652729594e-08 0.02619930429 
4.415 0.973803699 3.621365585e-08 0.02619626477 
4.42 0.9738169909 3.591315764e-08 0.02618297323 
4.425 0.9738483429 3.562612366e-08 0.02615162148 
4.43 0.9738526344 3.532841078e-08 0.02614733024 
4.435 0.9738815427 3.501544868e-08 0.0261184223 
4.44 0.9738641977 3.471119753e-08 0.02613576756 
4.445 0.9738541842 3.44192273e-08 0.02614578143 
4.45 0.9738377333 3.413395633e-08 0.0261622326 
4.455 0.9738153815 3.386041586e-08 0.02618458461 
4.46 0.973803699 3.359483905e-08 0.02619626739 
4.465 0.9738038182 3.333730411e-08 0.02619614844 
4.47 0.9737313986 3.308846602e-08 0.02626856833 
4.475 0.9737466574 3.284832412e-08 0.02625330978 
4.48 0.9737099409 3.261229092e-08 0.02629002648 
4.485 0.9736562967 3.238509094e-08 0.02634367088 
4.49 0.9735955 3.216288433e-08 0.02640446784 
4.495 0.9735274315 3.194713566e-08 0.02647253656 
4.5 0.9735276699 3.173877919e-08 0.02647229835 
4.505 0.9734523296 3.153501466e-08 0.02654763883 
4.51 0.9734009504 3.13366238e-08 0.02659901823 
4.515 0.9733462334 3.114419206e-08 0.02665373549 
4.52 0.9732859135 3.095668985e-08 0.02671405558 
4.525 0.9732118845 3.077246524e-08 0.02678808473 
4.53 0.9731655121 3.059483408e-08 0.02683445732 
4.535 0.9731056094 3.042148783e-08 0.02689436016 
4.54 0.9730373621 3.025288123e-08 0.02696260765 
4.545 0.9729728103 3.008793745e-08 0.02702715964 
4.55 0.9729059935 2.992716649e-08 0.02709397661 
4.555 0.9728159904 2.976940733e-08 0.02718397978 
4.56 0.9727987051 2.9617753e-08 0.02720126528 
4.565 0.9726682901 2.946850855e-08 0.02733168039 
4.57 0.9725865126 2.932319501e-08 0.02741345811 
4.575 0.9724696875 2.918016426e-08 0.02753028336 
4.58 0.9724075794 2.904202234e-08 0.02759239154 
4.585 0.9722719193 2.890653938e-08 0.02772805184 
4.59 0.9722588062 2.877577657e-08 0.027741165 
4.595 0.972153008 2.865852164e-08 0.02784696336 
4.6 0.9719866514 2.855252243e-08 0.02801332003 
4.605 0.9718858004 2.845002714e-08 0.02811417119 
4.61 0.9718230367 2.835024465e-08 0.02817693498 
4.615 0.9716982245 2.825359119e-08 0.0283017472 
4.62 0.9715642929 2.81593337e-08 0.02843567893 
4.625 0.9714694023 2.806800725e-08 0.02853056962 
4.63 0.9713263512 2.797852061e-08 0.02867362086 
4.635 0.9712199569 2.789305409e-08 0.02878001523 
4.64 0.9710637331 2.780801336e-08 0.02893623909 
4.645 0.9709808826 2.772848029e-08 0.02901908963 
4.65 0.9708397388 2.764807608e-08 0.02916023351 
4.655 0.970685482 2.757212711e-08 0.0293144904 
4.66 0.9705623984 2.750015179e-08 0.02943757407 
4.665 0.9704384804 2.74299575e-08 0.02956149219 
4.67 0.9702845812 2.736146396e-08 0.02971539145 
4.675 0.9701341391 2.729638374e-08 0.02986583364 
4.68 0.9699893594 2.723389256e-08 0.03001061339 
4.685 0.9698467255 2.717405878e-08 0.03015324736 
4.69 0.969771266 2.711821148e-08 0.0302287069 
4.695 0.9695012569 2.705991892e-08 0.030498716 
4.7 0.9693877697 2.700883012e-08 0.03061220329 
4.705 0.9692124128 2.695956375e-08 0.03078756021 
4.71 0.9690761566 2.691263676e-08 0.03092381647 
4.715 0.9688870907 2.686799686e-08 0.03111288245 
4.72 0.9687238932 2.682586603e-08 0.03127608001 
4.725 0.9685155153 2.678759198e-08 0.03148445788 
4.73 0.9683828354 2.675216249e-08 0.03161713786 
4.735 0.968173027 2.67190885e-08 0.03182694624 
4.74 0.9679913521 2.668779658e-08 0.03200862123 
4.745 0.9678351879 2.666079291e-08 0.03216478543 
4.75 0.967659235 2.663614743e-08 0.03234073836 
4.755 0.9673882723 2.661385179e-08 0.0326117011 
4.76 0.9672169685 2.659479781e-08 0.03278300487 
4.765 0.9670362473 2.657940551e-08 0.03296372617 
4.77 0.9668645859 2.655321202e-08 0.03313538757 
4.775 0.9666649103 2.647422176e-08 0.03333506321 
4.78 0.9664108753 2.639656763e-08 0.03358909828 
4.785 0.9662098289 2.632407919e-08 0.03379014482 
4.79 0.9659759402 2.625201218e-08 0.03402403352 
4.795 0.96575284 2.618412601e-08 0.03424713377 
4.8 0.9654914141 2.6116135e-08 0.03450855981 
4.805 0.9652915597 2.604946656e-08 0.03470841425 
4.81 0.9650056362 2.598162882e-08 0.0349943378 
4.815 0.9647686481 2.590992415e-08 0.03523132594 
4.82 0.96454072 2.583178985e-08 0.03545925418 
4.825 0.9642719626 2.573823185e-08 0.03572801162 
4.83 0.9639691114 2.56239846e-08 0.03603086293 
4.835 0.9637804031 2.547179559e-08 0.03621957139 
4.84 0.9634830356 2.524642809e-08 0.03651693919 
4.845 0.9631812572 2.488459686e-08 0.03681871787 
4.85 0.9628652334 2.419787262e-08 0.03713474238 
4.855 0.9626357555 2.188875878e-08 0.03736422257 
4.86 0.9623616934 2.17777483e-08 0.03763828484 
4.865 0.9620189667 2.166815766e-08 0.03798101166 
4.87 0.9617350101 2.156027576e-08 0.03826496829 
4.875 0.9613987803 2.145347594e-08 0.0386011982 
4.88 0.9610285759 2.134667362e-08 0.03897140276 
4.885 0.960773468 2.124364556e-08 0.03922651074 
4.89 0.9603482485 2.113905989e-08 0.03965173038 
4.895 0.960010469 2.103813732e-08 0.03998951 
4.9 0.9596874714 2.093905823e-08 0.04031250767 
4.905 0.959320426 2.083930056e-08 0.04067955317 
4.91 0.9589504004 2.074217172e-08 0.04104957891 
4.915 0.9585434198 2.064560246e-08 0.04145655952 
4.92 0.9582096338 2.055212436e-08 0.04179034562 
4.925 0.9578002691 2.045800865e-08 0.04219971042 
4.93 0.9574172497 2.036560642e-08 0.04258272995 
4.935 0.9569534659 2.027366586e-08 0.04304651379 
4.94 0.956543088 2.018431112e-08 0.04345689186 
4.945 0.9561064243 2.00957533e-08 0.04389355557 
4.95 0.9556927681 2.000801793e-08 0.0443072119 
4.955 0.9551865458 1.992185153e-08 0.04481343423 
4.96 0.954705596 1.983977337e-08 0.04529438419 
4.965 0.9542940855 1.977321764e-08 0.04570589472 
4.97 0.9537285566 1.970322487e-08 0.04627142366 
4.975 0.953273654 1.963813927e-08 0.04672632638 
4.98 0.9527555108 1.957248517e-08 0.04724446962 
4.985 0.9522813559 1.950894158e-08 0.04771862463 
4.99 0.9517040253 1.944556007e-08 0.04829595529 
4.995 0.9511280656 1.938297459e-08 0.04887191503 
5 0.9505648017 1.932124508e-08 0.04943517899 
5.005 0.9500927925 1.926329695e-08 0.04990718823 
5.01 0.9494532347 1.920350013e-08 0.05054674612 
5.015 0.9488745928 1.914729549e-08 0.05112538807 
5.02 0.9482108355 1.909005651e-08 0.05178914545 
5.025 0.9476224184 1.903463692e-08 0.05237756256 
5.03 0.9469349384 1.89797659e-08 0.05306504259 
5.035 0.9462646246 1.892660394e-08 0.05373535648 
5.04 0.9456107616 1.88751373e-08 0.05438921948 
5.045 0.9448869824 1.882431802e-08 0.05511299873 
5.05 0.9441776276 1.877411462e-08 0.05582235366 
5.055 0.9434432387 1.872652442e-08 0.05655674254 
5.06 0.9427461028 1.868078811e-08 0.05725387851 
5.065 0.9419387579 1.863475932e-08 0.05806122347 
5.07 0.9412030578 1.859066734e-08 0.05879692364 
5.075 0.9403663874 1.854755345e-08 0.05963359409 
5.08 0.9394850731 1.850554608e-08 0.0605149084 
5.085 0.9387786388 1.846678381e-08 0.06122134269 
5.09 0.9378399253 1.842751521e-08 0.06216005628 
5.095 0.9369679689 1.83910476e-08 0.06303201267 
5.1 0.9360038638 1.83541355e-08 0.06399611783 
5.105 0.9350837469 1.831958693e-08 0.06491623477 
5.11 0.9341314435 1.828773004e-08 0.06586853821 
5.115 0.9331109524 1.825569874e-08 0.06688902937 
5.12 0.9321063161 1.822649991e-08 0.06789366568 
5.125 0.9310897589 1.819920602e-08 0.06891022293 
5.13 0.9299891591 1.817376034e-08 0.07001082272 
5.135 0.928986311 1.815108329e-08 0.07101367089 
5.14 0.9278506041 1.812880732e-08 0.07214937781 
5.145 0.9266473055 1.810736515e-08 0.0733526764 
5.15 0.9254456162 1.808908594e-08 0.07455436567 
5.155 0.9243257046 1.807571583e-08 0.07567427735 
5.16 0.9230574369 1.806117596e-08 0.076942545 
5.165 0.9217625856 1.804848263e-08 0.07823739631 
5.17 0.9204781651 1.803198278e-08 0.07952181682 
5.175 0.9190363884 1.801309438e-08 0.08096359359 
5.18 0.9176658988 1.79999894e-08 0.0823340832 
5.185 0.9162305593 1.798660704e-08 0.08376942266 
5.19 0.914817512 1.79791307e-08 0.08518246999 
5.195 0.9132014513 1.797076286e-08 0.08679853073 
5.2 0.9116829634 1.796861605e-08 0.08831701866 
5.205 0.9101500511 1.796862696e-08 0.08984993091 
5.21 0.9084198475 1.797052353e-08 0.09158013454 
5.215 0.9066742659 1.797567731e-08 0.09332571616 
5.22 0.9050343633 1.79857881e-08 0.09496561874 
5.225 0.9033128023 1.799952472e-08 0.09668717969 
5.23 0.9015063643 1.801618474e-08 0.09849361764 
5.235 0.899428308 1.80336602e-08 0.100571674 
5.24 0.8976891041 1.805901823e-08 0.1023108779 
5.245 0.8956683874 1.808674838e-08 0.1043315945 
5.25 0.8937261105 1.811946171e-08 0.1062738714 
